site,year,plot_id,observer,pre_post_fire,postTime,species,status,lifeform,layerCode,percent,notes
BurtonSP,2019,burton1,ag,prefire,,abco,live,TR,TOV,33,
BurtonSP,2019,burton1,ag,prefire,,abco,live,TR,TSE,tr,
BurtonSP,2019,burton1,ag,prefire,,abco,dead,TR,TOV,tr,
BurtonSP,2019,burton10,nr,prefire,,abco,live,TR,TOV,20,
BurtonSP,2019,burton11,nr,prefire,,abco,live,TR,TSE,tr,
BurtonSP,2019,burton11,nr,prefire,,abco,dead,TR,TOV,0.5,
BurtonSP,2019,burton11,nr,prefire,,abco,live,TR,TOV,16,
BurtonSP,2019,burton12,nr,prefire,,abco,live,TR,TSE,tr,
BurtonSP,2019,burton12,nr,prefire,,abco,live,TR,TOV,,
BurtonSP,2019,burton12,nr,prefire,,abco,dead,TR,TOV,2,
BurtonSP,2019,burton13,nr,prefire,,abco,live,TR,TOV,50,
BurtonSP,2019,burton13,nr,prefire,,abco,live,TR,TSA,tr,
BurtonSP,2019,burton13,nr,prefire,,abco,live,TR,TSE,tr,
BurtonSP,2019,burton14,nr,prefire,,abco,live,TR,TOV,30,
BurtonSP,2019,burton14,nr,prefire,,abco,dead,TR,TOV,tr,
BurtonSP,2019,burton14,nr,prefire,,abco,live,TR,TSE,tr,
BurtonSP,2019,burton15,nr,prefire,,abco,live,TR,TOV,31,
BurtonSP,2019,burton15,nr,prefire,,abco,live,TR,TSE,tr,
BurtonSP,2019,burton16,nr,prefire,,abco,live,TR,TOV,15,
BurtonSP,2019,burton16,nr,prefire,,abco,live,TR,TSE,tr,
BurtonSP,2019,burton16,nr,prefire,,abco,live,TR,TSA,0.5,
BurtonSP,2019,burton17,nr,prefire,,abco,live,TR,TSE,tr,
BurtonSP,2019,burton17,nr,prefire,,abco,dead,TR,TOV,0.5,
BurtonSP,2019,burton17,nr,prefire,,abco,live,TR,TOV,30,
BurtonSP,2019,burton18,nr,prefire,,abco,live,TR,TSE,tr,
BurtonSP,2019,burton18,nr,prefire,,abco,live,TR,TOV,28,
BurtonSP,2019,burton18,nr,prefire,,abco,dead,TR,TOV,tr,
BurtonSP,2019,burton18,nr,prefire,,abco,live,TR,TSA,tr,
BurtonSP,2019,burton19,nr,prefire,,abco,live,TR,TSE,1,
BurtonSP,2019,burton19,nr,prefire,,abco,live,TR,TSA,3,
BurtonSP,2019,burton19,nr,prefire,,abco,live,TR,TOV,61,
BurtonSP,2019,burton2,ag,prefire,,abco,live,TR,TOV,46,
BurtonSP,2019,burton2,ag,prefire,,abco,live,TR,TSE,4,
BurtonSP,2019,burton2,ag,prefire,,abco,dead,TR,TOV,0.5,
BurtonSP,2019,burton2,ag,prefire,,abco,live,TR,TSA,tr,
BurtonSP,2019,burton20,nr,prefire,,abco,live,TR,TSE,tr,
BurtonSP,2019,burton20,nr,prefire,,abco,live,TR,TOV,,
BurtonSP,2019,burton21,nr,prefire,,abco,live,TR,TSE,5,
BurtonSP,2019,burton21,nr,prefire,,abco,dead,TR,TSA,tr,
BurtonSP,2019,burton21,nr,prefire,,abco,dead,TR,TOV,tr,
BurtonSP,2019,burton21,nr,prefire,,abco,live,TR,TOV,60,
BurtonSP,2019,burton22,nr,prefire,,abco,live,TR,TOV,70,
BurtonSP,2019,burton22,nr,prefire,,abco,live,TR,TSE,tr,
BurtonSP,2019,burton22,nr,prefire,,abco,live,TR,TSA,tr,
BurtonSP,2019,burton23,nr,prefire,,abco,live,TR,TOV,39,
BurtonSP,2019,burton23,nr,prefire,,abco,live,TR,TSA,tr,
BurtonSP,2019,burton23,nr,prefire,,abco,live,TR,TSE,tr,
BurtonSP,2019,burton24,nr,prefire,,abco,live,TR,TOV,tr,
BurtonSP,2019,burton24,nr,prefire,,abco,live,TR,TSE,tr,
BurtonSP,2019,burton3,ag,prefire,,abco,live,TR,TOV,35,
BurtonSP,2019,burton3,ag,prefire,,abco,live,TR,TSA,4,
BurtonSP,2019,burton3,ag,prefire,,abco,live,TR,TSE,4,
BurtonSP,2019,burton3,ag,prefire,,abco,dead,TR,TOV,tr,
BurtonSP,2019,burton3,ag,prefire,,abco,dead,TR,TSE,tr,
BurtonSP,2019,burton3,ag,prefire,,abco,dead,TR,TSA,tr,
BurtonSP,2019,burton4,nr,prefire,,abco,live,TR,TOV,30,
BurtonSP,2019,burton4,nr,prefire,,abco,live,TR,TSE,5,
BurtonSP,2019,burton4,nr,prefire,,abco,live,TR,TSA,15,
BurtonSP,2019,burton4,nr,prefire,,abco,dead,TR,TOV,tr,
BurtonSP,2019,burton4,nr,prefire,,abco,dead,TR,TSA,tr,
BurtonSP,2019,burton5,ag,prefire,,abco,live,TR,TOV,40,
BurtonSP,2019,burton5,ag,prefire,,abco,live,TR,TSA,1,
BurtonSP,2019,burton5,ag,prefire,,abco,live,TR,TSE,tr,
BurtonSP,2019,burton6,ag,prefire,,abco,live,TR,TOV,46,
BurtonSP,2019,burton6,ag,prefire,,abco,live,TR,TSE,tr,
BurtonSP,2019,burton6,ag,prefire,,abco,live,TR,TSA,1.5,
BurtonSP,2019,burton6,ag,prefire,,abco,dead,TR,TOV,1,
BurtonSP,2019,burton6,ag,prefire,,abco,dead,TR,TSA,tr,
BurtonSP,2019,burton7,nr,prefire,,abco,live,TR,TSE,tr,
BurtonSP,2019,burton7,nr,prefire,,abco,live,TR,TSA,tr,
BurtonSP,2019,burton7,nr,prefire,,abco,live,TR,TOV,26,
BurtonSP,2019,burton8,nr,prefire,,abco,live,TR,TSE,tr,
BurtonSP,2019,burton8,nr,prefire,,abco,live,TR,TOV,23,
BurtonSP,2019,burton9,nr,prefire,,abco,live,TR,TSE,tr,
BurtonSP,2019,burton9,nr,prefire,,abco,live,TR,TSA,,
BurtonSP,2019,burton9,nr,prefire,,abco,live,TR,TOV,,
BurtonSP,2019,burton9,nr,prefire,,abco,dead,TR,TOV,,
BurtonSP,2019,burton1,ag,prefire,,abma,live,TR,TOV,2,
BurtonSP,2019,burton1,ag,prefire,,abma,live,TR,TSE,tr,
BurtonSP,2019,burton11,nr,prefire,,abma,live,TR,TSE,tr,
BurtonSP,2019,burton14,nr,prefire,,abma,live,TR,TOV,5,
BurtonSP,2019,burton15,nr,prefire,,abma,live,TR,TOV,10,
BurtonSP,2019,burton15,nr,prefire,,abma,live,TR,TSE,tr,
BurtonSP,2019,burton16,nr,prefire,,abma,live,TR,TOV,7,
BurtonSP,2019,burton16,nr,prefire,,abma,live,TR,TSE,tr,
BurtonSP,2019,burton17,nr,prefire,,abma,live,TR,TSE,tr,
BurtonSP,2019,burton2,ag,prefire,,abma,dead,TR,TOV,0.5,
BurtonSP,2019,burton2,ag,prefire,,abma,live,TR,TOV,4,
BurtonSP,2019,burton2,ag,prefire,,abma,live,TR,TSE,tr,
BurtonSP,2019,burton3,ag,prefire,,abma,live,TR,TOV,40,
BurtonSP,2019,burton3,ag,prefire,,abma,live,TR,TSA,1,
BurtonSP,2019,burton3,ag,prefire,,abma,live,TR,TSE,1,
BurtonSP,2019,burton4,nr,prefire,,abma,live,TR,TSE,tr,
BurtonSP,2019,burton5,ag,prefire,,abma,live,TR,TSE,tr,
BurtonSP,2019,burton6,ag,prefire,,abma,live,TR,TOV,15,
BurtonSP,2019,burton6,ag,prefire,,abma,live,TR,TSE,tr,
BurtonSP,2019,burton6,ag,prefire,,abma,dead,TR,TSA,tr,
BurtonSP,2019,burton6,ag,prefire,,abma,dead,TR,TOV,1,
BurtonSP,2019,burton7,nr,prefire,,abma,live,TR,TSE,tr,
BurtonSP,2019,burton7,nr,prefire,,abma,live,TR,TOV,4,
BurtonSP,2019,burton8,nr,prefire,,abma,live,TR,TSE,tr,
BurtonSP,2019,burton8,nr,prefire,,abma,live,TR,TOV,2,
BurtonSP,2019,burton9,nr,prefire,,abma,live,TR,TSE,tr,
BurtonSP,2019,burton9,nr,prefire,,abma,live,TR,TOV,,
BurtonSP,2019,burton11,nr,prefire,,abma ,live,TR,TOV,8.5,
BurtonSP,2019,burton19,nr,prefire,,acgl,live,TR,TSE,tr,
BurtonSP,2019,burton3,ag,prefire,,acgl,live,TR,TSE,tr,
BurtonSP,2019,burton3,ag,prefire,,achnatherum,live,GR,,tr,
BurtonSP,2019,burton12,nr,prefire,,amut,live,FB,,0.5,
BurtonSP,2019,burton16,nr,prefire,,amut,live,SH,SL,tr,
BurtonSP,2019,burton16,nr,prefire,,amut,live,SH,SM,tr,
BurtonSP,2019,burton18,nr,prefire,,amut,live,SH,SL,0.5,
BurtonSP,2019,burton18,nr,prefire,,amut,live,SH,SM,tr,
BurtonSP,2019,burton20,nr,prefire,,amut,live,SH,SL,tr,
BurtonSP,2019,burton20,nr,prefire,,amut,live,SH,SM,tr,
BurtonSP,2019,burton24,nr,prefire,,amut,live,SH,SL,tr,
BurtonSP,2019,burton24,nr,prefire,,amut,live,SH,SM,tr,
BurtonSP,2019,burton24,nr,prefire,,amut,live,SH,ST,tr,
BurtonSP,2019,burton3,ag,prefire,,amut,live,SH,SL,tr,
BurtonSP,2019,burton3,ag,prefire,,amut,live,SH,SM,tr,
BurtonSP,2019,burton4,nr,prefire,,amut,live,SH,SL,tr,
BurtonSP,2019,burton5,ag,prefire,,amut,live,SH,SL,tr,
BurtonSP,2019,burton6,ag,prefire,,amut,live,SH,SL,tr,
BurtonSP,2019,burton6,ag,prefire,,amut,live,SH,SM,tr,
BurtonSP,2019,burton10,nr,prefire,,apan,live,FB,,tr,
BurtonSP,2019,burton13,nr,prefire,,apan,live,SH,SL,tr,
BurtonSP,2019,burton14,nr,prefire,,apan,live,SH,SL,0.5,
BurtonSP,2019,burton15,nr,prefire,,apan,live,SH,SL,tr,
BurtonSP,2019,burton19,nr,prefire,,apan,live,SH,SL,tr,
BurtonSP,2019,burton21,nr,prefire,,apan,live,SH,SL,tr,
BurtonSP,2019,burton22,nr,prefire,,apan,live,SH,SL,tr,
BurtonSP,2019,burton23,nr,prefire,,apan,live,SH,SL,tr,
BurtonSP,2019,burton5,ag,prefire,,apan,live,SH,SL,tr,
BurtonSP,2019,burton6,ag,prefire,,apan,live,SH,SL,tr,
BurtonSP,2019,burton7,nr,prefire,,apan,live,SH,SL,tr,
BurtonSP,2019,burton9,nr,prefire,,apan,live,SH,SL,tr,
BurtonSP,2019,burton1,ag,prefire,,arahol,live,FB,,tr,
BurtonSP,2019,burton10,nr,prefire,,arahol,live,FB,,tr,
BurtonSP,2019,burton12,nr,prefire,,arahol,live,FB,,tr,
BurtonSP,2019,burton19,nr,prefire,,arahol,live,FB,,tr,
BurtonSP,2019,burton2,ag,prefire,,arahol,live,FB,,tr,
BurtonSP,2019,burton20,nr,prefire,,arahol,live,FB,,tr,
BurtonSP,2019,burton3,ag,prefire,,arahol,live,FB,,tr,
BurtonSP,2019,burton4,nr,prefire,,arahol,live,FB,,tr,
BurtonSP,2019,burton7,nr,prefire,,arahol,live,FB,,tr,
BurtonSP,2019,burton9,nr,prefire,,arahol,live,FB,,tr,
BurtonSP,2019,burton19,nr,prefire,,arco,live,FB,,tr,
BurtonSP,2019,burton19,nr,prefire,,arco,dead,FB,,tr,
BurtonSP,2019,burton24,nr,prefire,,arco,live,FB,,tr,
BurtonSP,2019,burton1,ag,prefire,,arne,live,SH,SL,1,
BurtonSP,2019,burton10,nr,prefire,,arne,live,FB,,tr,
BurtonSP,2019,burton15,nr,prefire,,arne,live,SH,SL,0.5,
BurtonSP,2019,burton16,nr,prefire,,arne,live,SH,SL,tr,
BurtonSP,2019,burton17,nr,prefire,,arne,live,SH,SL,,
BurtonSP,2019,burton18,nr,prefire,,arne,live,SH,SL,tr,
BurtonSP,2019,burton19,nr,prefire,,arne,live,SH,SL,6.5,
BurtonSP,2019,burton2,ag,prefire,,arne,live,SH,SL,tr,
BurtonSP,2019,burton20,nr,prefire,,arne,live,SH,SL,1,
BurtonSP,2019,burton23,nr,prefire,,arne,live,SH,SL,12,
BurtonSP,2019,burton24,nr,prefire,,arne,live,SH,SL,tr,
BurtonSP,2019,burton4,nr,prefire,,arne,live,SH,SL,2,
BurtonSP,2019,burton5,ag,prefire,,arne,live,SH,SL,1,
BurtonSP,2019,burton7,nr,prefire,,arne,live,SH,SL,6,
BurtonSP,2019,burton8,nr,prefire,,arne,live,SH,SL,6,
BurtonSP,2019,burton10,nr,prefire,,arpa,live,SH,SL,1,
BurtonSP,2019,burton10,nr,prefire,,arpa,live,SH,SM,1,
BurtonSP,2019,burton12,nr,prefire,,arpa,live,SH,SL,tr,
BurtonSP,2019,burton14,nr,prefire,,arpa,live,SH,SL,0.5,
BurtonSP,2019,burton14,nr,prefire,,arpa,live,SH,SM,0.5,
BurtonSP,2019,burton16,nr,prefire,,arpa,live,SH,SL,tr,
BurtonSP,2019,burton16,nr,prefire,,arpa,live,SH,SM,tr,
BurtonSP,2019,burton21,nr,prefire,,arpa,live,SH,SL,tr,
BurtonSP,2019,burton21,nr,prefire,,arpa,live,SH,SM,tr,
BurtonSP,2019,burton3,ag,prefire,,arpa,live,SH,SL,1,
BurtonSP,2019,burton3,ag,prefire,,arpa,live,SH,SM,1,
BurtonSP,2019,burton6,ag,prefire,,arpa,live,SH,SL,tr,
BurtonSP,2019,burton7,nr,prefire,,arpa,live,SH,SL,tr,
BurtonSP,2019,burton7,nr,prefire,,arpa,live,SH,SM,tr,
BurtonSP,2019,burton8,nr,prefire,,arpa,live,SH,SL,0.5,
BurtonSP,2019,burton8,nr,prefire,,arpa,live,SH,SM,0.5,
BurtonSP,2019,burton9,nr,prefire,,arpa,live,SH,SL,1.5,
BurtonSP,2019,burton23,nr,prefire,,arpr,live,SH,SL,tr,
BurtonSP,2019,burton23,nr,prefire,,arpr,live,SH,SM,tr,
BurtonSP,2019,burton12,nr,prefire,,cade,live,TR,TSE,tr,
BurtonSP,2019,burton12,nr,prefire,,cade,live,TR,TSA,2,
BurtonSP,2019,burton12,nr,prefire,,cade,live,TR,TOV,3,
BurtonSP,2019,burton20,nr,prefire,,cade,live,TR,TSA,tr,
BurtonSP,2019,burton20,nr,prefire,,cade,live,TR,TOV,,
BurtonSP,2019,burton23,nr,prefire,,cade,live,TR,TOV,7,
BurtonSP,2019,burton23,nr,prefire,,cade,live,TR,TSA,tr,
BurtonSP,2019,burton23,nr,prefire,,cade,live,TR,TSE,tr,
BurtonSP,2019,burton24,nr,prefire,,cade,live,TR,TOV,50,
BurtonSP,2019,burton24,nr,prefire,,cade,live,TR,TSE,tr,
BurtonSP,2019,burton24,nr,prefire,,cade,live,TR,TSA,15,
BurtonSP,2019,burton4,nr,prefire,,cade,live,TR,TSA,0.5,
BurtonSP,2019,burton4,nr,prefire,,cade,live,TR,TOV,0.5,
BurtonSP,2019,burton12,nr,prefire,,casapp,live,FB,,tr,
BurtonSP,2019,burton19,nr,prefire,,casapp,live,FB,,tr,
BurtonSP,2019,burton23,nr,prefire,,casapp,live,FB,,tr,
BurtonSP,2019,burton3,ag,prefire,,casapp,live,FB,,tr,
BurtonSP,2019,burton1,ag,prefire,,ceco,live,SH,SL,tr,
BurtonSP,2019,burton10,nr,prefire,,ceco,live,SH,SL,5,
BurtonSP,2019,burton10,nr,prefire,,ceco,live,SH,SM,3,
BurtonSP,2019,burton12,nr,prefire,,ceco,live,SH,SL,tr,
BurtonSP,2019,burton12,nr,prefire,,ceco,live,SH,SM,tr,
BurtonSP,2019,burton13,nr,prefire,,ceco,live,SH,SL,tr,
BurtonSP,2019,burton13,nr,prefire,,ceco,live,SH,SM,tr,
BurtonSP,2019,burton14,nr,prefire,,ceco,live,SH,SL,tr,
BurtonSP,2019,burton14,nr,prefire,,ceco,live,SH,SM,tr,
BurtonSP,2019,burton16,nr,prefire,,ceco,live,SH,SL,4,
BurtonSP,2019,burton16,nr,prefire,,ceco,live,SH,SM,3,
BurtonSP,2019,burton19,nr,prefire,,ceco,live,SH,SL,tr,
BurtonSP,2019,burton19,nr,prefire,,ceco,live,SH,SM,tr,
BurtonSP,2019,burton2,ag,prefire,,ceco,live,SH,SL,0.5,
BurtonSP,2019,burton2,ag,prefire,,ceco,live,SH,SM,0.5,
BurtonSP,2019,burton22,nr,prefire,,ceco,live,SH,SL,0.5,
BurtonSP,2019,burton22,nr,prefire,,ceco,live,SH,SM,tr,
BurtonSP,2019,burton23,nr,prefire,,ceco,live,SH,SL,tr,
BurtonSP,2019,burton23,nr,prefire,,ceco,live,SH,SM,tr,
BurtonSP,2019,burton3,ag,prefire,,ceco,live,SH,SL,1,
BurtonSP,2019,burton3,ag,prefire,,ceco,live,SH,SM,1,
BurtonSP,2019,burton4,nr,prefire,,ceco,live,SH,SL,2,
BurtonSP,2019,burton4,nr,prefire,,ceco,live,SH,SM,1.5,
BurtonSP,2019,burton4,nr,prefire,,ceco,dead,SH,SL,tr,
BurtonSP,2019,burton5,ag,prefire,,ceco,live,SH,SL,9,"mostly branches , resprouting"
BurtonSP,2019,burton5,ag,prefire,,ceco,live,SH,SM,9,
BurtonSP,2019,burton5,ag,prefire,,ceco,dead,SH,SL,tr,
BurtonSP,2019,burton5,ag,prefire,,ceco,dead,SH,SM,tr,
BurtonSP,2019,burton6,ag,prefire,,ceco,live,SH,SL,0.5,
BurtonSP,2019,burton6,ag,prefire,,ceco,live,SH,SM,tr,
BurtonSP,2019,burton6,ag,prefire,,ceco,dead,SH,SL,tr,
BurtonSP,2019,burton7,nr,prefire,,ceco,live,SH,SL,13,
BurtonSP,2019,burton7,nr,prefire,,ceco,live,SH,SM,8,
BurtonSP,2019,burton8,nr,prefire,,ceco,live,SH,SL,55,
BurtonSP,2019,burton8,nr,prefire,,ceco,live,SH,SM,50,
BurtonSP,2019,burton9,nr,prefire,,ceco,live,SH,SL,5,
BurtonSP,2019,burton9,nr,prefire,,ceco,live,SH,SM,3,
BurtonSP,2019,burton20,nr,prefire,,cepr,live,SH,SL,,
BurtonSP,2019,burton1,ag,prefire,,cepr,live,SH,SL,31,
BurtonSP,2019,burton10,nr,prefire,,cepr,live,SH,SL,,
BurtonSP,2019,burton12,nr,prefire,,cepr,live,SH,SL,15,
BurtonSP,2019,burton14,nr,prefire,,cepr,live,SH,SL,2,
BurtonSP,2019,burton15,nr,prefire,,cepr,live,SH,SL,tr,
BurtonSP,2019,burton16,nr,prefire,,cepr,live,SH,SL,30,
BurtonSP,2019,burton17,nr,prefire,,cepr,live,SH,SL,1.5,
BurtonSP,2019,burton18,nr,prefire,,cepr,live,SH,SL,1,
BurtonSP,2019,burton19,nr,prefire,,cepr,live,SH,SL,13,
BurtonSP,2019,burton2,ag,prefire,,cepr,live,SH,SL,12,
BurtonSP,2019,burton21,nr,prefire,,cepr,live,SH,SL,1,
BurtonSP,2019,burton22,nr,prefire,,cepr,live,SH,SL,0.5,
BurtonSP,2019,burton23,nr,prefire,,cepr,live,SH,SL,2.5,
BurtonSP,2019,burton24,nr,prefire,,cepr,live,SH,SL,0.5,
BurtonSP,2019,burton4,nr,prefire,,cepr,live,SH,SL,20,
BurtonSP,2019,burton6,ag,prefire,,cepr,live,SH,SL,0.5,
BurtonSP,2019,burton7,nr,prefire,,cepr,live,SH,SL,8,
BurtonSP,2019,burton8,nr,prefire,,cepr,live,SH,SL,,
BurtonSP,2019,burton9,nr,prefire,,cepr,live,SH,SL,5,
BurtonSP,2019,burton1,ag,prefire,,chme,live,FB,,tr,
BurtonSP,2019,burton2,ag,prefire,,chimen,live,FB,,tr,
BurtonSP,2019,burton3,ag,prefire,,chimen,live,FB,,tr,
BurtonSP,2019,burton5,ag,prefire,,chimen,live,FB,,tr,
BurtonSP,2019,burton6,ag,prefire,,chimen,live,FB,,tr,
BurtonSP,2019,burton21,nr,prefire,,erinau,live,FB,,tr,
BurtonSP,2019,burton14,nr,prefire,,chrsem,live,SH,SL,0.5,
BurtonSP,2019,burton14,nr,prefire,,chrsem,live,SH,SM,0.5,
BurtonSP,2019,burton18,nr,prefire,,chrsem,live,SH,SL,0.5,
BurtonSP,2019,burton6,ag,prefire,,chrsem,live,SH,SL,tr,
BurtonSP,2019,burton6,ag,prefire,,chrsem,live,SH,SM,tr,
BurtonSP,2019,burton10,nr,prefire,,chiumb,live,FB,,tr,
BurtonSP,2019,burton11,nr,prefire,,chiumb,live,FB,,tr,
BurtonSP,2019,burton13,nr,prefire,,chiumb,live,FB,,tr,
BurtonSP,2019,burton16,nr,prefire,,chiumb,live,FB,,tr,
BurtonSP,2019,burton18,nr,prefire,,chiumb,live,FB,,tr,
BurtonSP,2019,burton2,ag,prefire,,chiumb,live,FB,,tr,
BurtonSP,2019,burton21,nr,prefire,,chiumb,live,FB,,tr,
BurtonSP,2019,burton3,ag,prefire,,chiumb,live,FB,,1,
BurtonSP,2019,burton1,ag,prefire,,coltor,live,FB,,tr,
BurtonSP,2019,burton12,nr,prefire,,coltor,live,FB,,tr,
BurtonSP,2019,burton20,nr,prefire,,coltor,live,FB,,tr,
BurtonSP,2019,burton1,ag,prefire,,cormac,live,FB,,tr,
BurtonSP,2019,burton16,nr,prefire,,cormac,live,FB,,tr,
BurtonSP,2019,burton2,ag,prefire,,cormac,live,FB,,tr,
BurtonSP,2019,burton6,ag,prefire,,cormac,live,FB,,tr,
BurtonSP,2019,burton19,nr,prefire,,elci,live,GR,,tr,
BurtonSP,2019,burton20,nr,prefire,,elci,live,GR,,tr,
BurtonSP,2019,burton16,nr,prefire,,elyely,live,GR,,tr,
BurtonSP,2019,burton19,nr,prefire,,elyely,live,GR,,tr,
BurtonSP,2019,burton20,nr,prefire,,elyely,live,GR,,tr,
BurtonSP,2019,burton3,ag,prefire,,elyely,live,GR,,tr,
BurtonSP,2019,burton4,nr,prefire,,elyely,live,GR,,tr,
BurtonSP,2019,burton3,ag,prefire,,elmu,live,GR,,tr,
BurtonSP,2019,burton12,nr,prefire,,erinud,live,FB,,tr,
BurtonSP,2019,burton19,nr,prefire,,erinud,live,GR,,tr,
BurtonSP,2019,burton9,nr,prefire,,eriurs,live,FB,,tr,
BurtonSP,2019,burton3,ag,prefire,,frvi,live,FB,,tr,
BurtonSP,2019,burton1,ag,prefire,,gaydif,live,FB,,tr,
BurtonSP,2019,burton10,nr,prefire,,gaydif,live,FB,,tr,
BurtonSP,2019,burton11,nr,prefire,,gaydif,live,FB,,tr,
BurtonSP,2019,burton15,nr,prefire,,gaydif,live,FB,,tr,
BurtonSP,2019,burton16,nr,prefire,,gaydif,live,FB,,tr,
BurtonSP,2019,burton2,ag,prefire,,gaydif,live,FB,,tr,
BurtonSP,2019,burton20,nr,prefire,,gaydif,live,FB,,tr,
BurtonSP,2019,burton4,nr,prefire,,gaydif,live,FB,,tr,
BurtonSP,2019,burton7,nr,prefire,,gaydif,live,FB,,tr,
BurtonSP,2019,burton8,nr,prefire,,gaydif,live,FB,,tr,
BurtonSP,2019,burton9,nr,prefire,,gaydif,live,FB,,tr,
BurtonSP,2019,burton3,ag,prefire,,gaydiff,live,FB,,tr,
BurtonSP,2019,burton24,nr,prefire,,pelargonium,live,FB,,tr,lost sample
BurtonSP,2019,burton19,nr,prefire,,hiealb,live,FB,,tr,
BurtonSP,2019,burton23,nr,prefire,,hiealb,live,FB,,tr,
BurtonSP,2019,burton3,ag,prefire,,holhee,live,FB,,tr,
BurtonSP,2019,burton1,ag,prefire,,kelgal,live,FB,,tr,
BurtonSP,2019,burton3,ag,prefire,,kelgal,live,FB,,tr,
BurtonSP,2019,burton5,ag,prefire,,kelgal,live,FB,,tr,
BurtonSP,2019,burton3,ag,prefire,,lepcil,live,FB,,tr,
BurtonSP,2019,burton3,ag,prefire,,loncon,live,SH,SL,1,
BurtonSP,2019,burton3,ag,prefire,,loncon,live,SH,SM,0.5,
BurtonSP,2019,burton16,nr,prefire,,lupalf,live,FB,,0.5,
BurtonSP,2019,burton24,nr,prefire,,luparb,live,FB,,tr,
BurtonSP,2019,burton16,nr,prefire,,lupbre,live,FB,,tr,
BurtonSP,2019,burton20,nr,prefire,,lupbre,live,FB,,tr,
BurtonSP,2019,burton4,nr,prefire,,lupbre ,live,FB,,tr,
BurtonSP,2019,burton4,nr,prefire,,lupine,live,FB,,tr,
BurtonSP,2019,burton4,nr,prefire,,lupine,dead,FB,,tr,
BurtonSP,2019,burton12,nr,prefire,,lupin12,live,FB,,0.5,
BurtonSP,2019,burton3,ag,prefire,,madele,live,FB,,tr,
BurtonSP,2019,burton1,ag,prefire,,monodo,live,FB,,tr,
BurtonSP,2019,burton12,nr,prefire,,monodo,live,FB,,tr,
BurtonSP,2019,burton16,nr,prefire,,monodo,live,FB,,tr,
BurtonSP,2019,burton19,nr,prefire,,monodo,live,FB,,tr,
BurtonSP,2019,burton20,nr,prefire,,monodo,live,FB,,tr,
BurtonSP,2019,burton3,ag,prefire,,monodo,live,FB,,0.3,
BurtonSP,2019,burton4,nr,prefire,,monodo,live,FB,,tr,
BurtonSP,2019,burton5,ag,prefire,,monodo,live,FB,,tr,
BurtonSP,2019,burton12,nr,prefire,,monardella,live,FB,,tr,
BurtonSP,2019,burton19,nr,prefire,,monardella,live,FB,,tr,
BurtonSP,2019,burton19,nr,prefire,,monardella,live,FB,,tr,
BurtonSP,2019,burton22,nr,prefire,,monardella,live,FB,,tr,
BurtonSP,2019,burton23,nr,prefire,,monardella,live,FB,,tr,
BurtonSP,2019,burton9,nr,prefire,,monardella,live,FB,,tr,
BurtonSP,2019,burton10,nr,prefire,,ortsec,live,FB,,tr,
BurtonSP,2019,burton14,nr,prefire,,ortsec,live,FB,,tr,
BurtonSP,2019,burton15,nr,prefire,,ortsec,live,FB,,tr,
BurtonSP,2019,burton3,ag,prefire,,osmber,live,FB,,tr,
BurtonSP,2019,burton3,ag,prefire,,penneo,live,FB,,0.25,
BurtonSP,2019,burton4,nr,prefire,,penneo,live,FB,,tr,
BurtonSP,2019,burton19,nr,prefire,,penpar,live,FB,,tr,
BurtonSP,2019,burton20,nr,prefire,,penpar,live,FB,,tr,
BurtonSP,2019,burton21,nr,prefire,,penpar,live,FB,,tr,
BurtonSP,2019,burton10,nr,prefire,,penros,live,FB,,tr,
BurtonSP,2019,burton10,nr,prefire,,penros,live,FB,,tr,
BurtonSP,2019,burton3,ag,prefire,,penspe,live,FB,,tr,
BurtonSP,2019,burton7,nr,prefire,,penstemon,live,FB,,tr,
BurtonSP,2019,burton9,nr,prefire,,penstemon,live,FB,,tr,
BurtonSP,2019,burton19,nr,prefire,,pedsem,live,FB,,tr,
BurtonSP,2019,burton23,nr,prefire,,pedsem,live,FB,,tr,
BurtonSP,2019,burton3,ag,prefire,,pedsem,live,FB,,tr,
BurtonSP,2019,burton4,nr,prefire,,pedsem,live,FB,,tr,
BurtonSP,2019,burton1,ag,prefire,,phahas,live,FB,,tr,
BurtonSP,2019,burton2,ag,prefire,,phahas,live,FB,,tr,
BurtonSP,2019,burton10,nr,prefire,,phahyd,live,FB,,tr,
BurtonSP,2019,burton11,nr,prefire,,phahyd,live,FB,,tr,
BurtonSP,2019,burton8,nr,prefire,,phahyd,live,FB,,,
BurtonSP,2019,burton9,nr,prefire,,phahyd,live,FB,,tr,
BurtonSP,2019,burton23,nr,prefire,,pico,live,TR,TOV,4,
BurtonSP,2019,burton3,ag,prefire,,pico,live,TR,TOV,4,
BurtonSP,2019,burton3,ag,prefire,,pico,live,TR,TSE,tr,
BurtonSP,2019,burton5,ag,prefire,,pico,live,TR,TOV,7,
BurtonSP,2019,burton1,ag,prefire,,pije,live,TR,TSE,tr,
BurtonSP,2019,burton10,nr,prefire,,pije,live,TR,TOV,0.5,
BurtonSP,2019,burton11,nr,prefire,,pije,live,TR,TSE,tr,
BurtonSP,2019,burton12,nr,prefire,,pije,live,TR,TSE,tr,
BurtonSP,2019,burton12,nr,prefire,,pije,live,TR,TOV,,
BurtonSP,2019,burton13,nr,prefire,,pije,live,TR,TOV,6.5,
BurtonSP,2019,burton14,nr,prefire,,pije,live,TR,TSE,tr,
BurtonSP,2019,burton14,nr,prefire,,pije,live,TR,TOV,4,
BurtonSP,2019,burton15,nr,prefire,,pije,live,TR,TOV,5,
BurtonSP,2019,burton15,nr,prefire,,pije,live,TR,TSE,tr,
BurtonSP,2019,burton16,nr,prefire,,pije,live,TR,TOV,3,
BurtonSP,2019,burton16,nr,prefire,,pije,live,TR,TSE,tr,
BurtonSP,2019,burton17,nr,prefire,,pije,live,TR,TSE,tr,
BurtonSP,2019,burton18,nr,prefire,,pije,live,TR,TSE,tr,
BurtonSP,2019,burton18,nr,prefire,,pije,live,TR,TOV,14,
BurtonSP,2019,burton2,ag,prefire,,pije,live,TR,TSE,tr,
BurtonSP,2019,burton21,nr,prefire,,pije,live,TR,TSE,tr,
BurtonSP,2019,burton21,nr,prefire,,pije,live,TR,TOV,20,
BurtonSP,2019,burton22,nr,prefire,,pije,live,TR,TSA,6,
BurtonSP,2019,burton22,nr,prefire,,pije,live,TR,TSA,10,
BurtonSP,2019,burton24,nr,prefire,,pije,live,TR,TOV,30,
BurtonSP,2019,burton3,ag,prefire,,pije,live,TR,TSE,tr,
BurtonSP,2019,burton4,nr,prefire,,pije,live,TR,TOV,25,
BurtonSP,2019,burton5,ag,prefire,,pije,live,TR,TOV,10,
BurtonSP,2019,burton7,nr,prefire,,pije,live,TR,TSE,tr,
BurtonSP,2019,burton8,nr,prefire,,pije,live,TR,TSE,tr,
BurtonSP,2019,burton9,nr,prefire,,pije,live,TR,TSE,tr,
BurtonSP,2019,burton7,nr,prefire,,pije ,live,TR,TOV,2,
BurtonSP,2019,burton1,ag,prefire,,pila,live,TR,TSE,tr,
BurtonSP,2019,burton13,nr,prefire,,pila,live,TR,TOV,3.5,
BurtonSP,2019,burton14,nr,prefire,,pila,live,TR,TOV,6,
BurtonSP,2019,burton14,nr,prefire,,pila,dead,TR,TOV,tr,
BurtonSP,2019,burton14,nr,prefire,,pila,live,TR,TSE,tr,
BurtonSP,2019,burton15,nr,prefire,,pila,live,TR,TOV,4,
BurtonSP,2019,burton15,nr,prefire,,pila,live,TR,TSE,tr,
BurtonSP,2019,burton2,ag,prefire,,pila,live,TR,TSE,tr,
BurtonSP,2019,burton5,ag,prefire,,pila,live,TR,TSE,tr,
BurtonSP,2019,burton12,nr,prefire,,potgla,live,FB,,tr,
BurtonSP,2019,burton16,nr,prefire,,potgla,live,FB,,tr,
BurtonSP,2019,burton5,ag,prefire,,potgla,live,FB,,tr,
BurtonSP,2019,burton12,nr,prefire,,pruema,live,SH,SL,tr,
BurtonSP,2019,burton12,nr,prefire,,pruema,live,SH,SM,tr,
BurtonSP,2019,burton13,nr,prefire,,pruema,live,SH,SL,1.5,
BurtonSP,2019,burton13,nr,prefire,,pruema,live,SH,SM,0.5,
BurtonSP,2019,burton14,nr,prefire,,pruema,live,SH,SL,0.5,
BurtonSP,2019,burton14,nr,prefire,,pruema,live,SH,SL,1.5,
BurtonSP,2019,burton18,nr,prefire,,pruema,live,SH,SL,5,
BurtonSP,2019,burton18,nr,prefire,,pruema,live,SH,SM,5,
BurtonSP,2019,burton18,nr,prefire,,pruema,live,SH,ST,0.5,
BurtonSP,2019,burton22,nr,prefire,,pruema,live,SH,SL,tr,
BurtonSP,2019,burton22,nr,prefire,,pruema,live,SH,SM,tr,
BurtonSP,2019,burton1,ag,prefire,,ptan,live,FB,,tr,
BurtonSP,2019,burton10,nr,prefire,,ptan,live,FB,,tr,
BurtonSP,2019,burton12,nr,prefire,,ptan,live,FB,,tr,
BurtonSP,2019,burton13,nr,prefire,,ptan,live,FB,,tr,
BurtonSP,2019,burton14,nr,prefire,,ptan,live,FB,,tr,
BurtonSP,2019,burton16,nr,prefire,,ptan,live,FB,,tr,
BurtonSP,2019,burton18,nr,prefire,,ptan,live,FB,,tr,
BurtonSP,2019,burton19,nr,prefire,,ptan,live,FB,,tr,
BurtonSP,2019,burton20,nr,prefire,,ptan,live,FB,,tr,
BurtonSP,2019,burton21,nr,prefire,,ptan,live,FB,,tr,
BurtonSP,2019,burton23,nr,prefire,,ptan,live,FB,,tr,
BurtonSP,2019,burton3,ag,prefire,,ptan,live,FB,,tr,
BurtonSP,2019,burton5,ag,prefire,,ptan,live,FB,,tr,
BurtonSP,2019,burton7,nr,prefire,,ptan,live,FB,,tr,
BurtonSP,2019,burton22,nr,prefire,,purtri,live,SH,SL,tr,
BurtonSP,2019,burton22,nr,prefire,,purtri,live,SH,SM,tr,
BurtonSP,2019,burton1,ag,prefire,,pyrpic,live,FB,,tr,
BurtonSP,2019,burton10,nr,prefire,,pyrpic,live,FB,,tr,
BurtonSP,2019,burton11,nr,prefire,,pyrpic,live,FB,,tr,
BurtonSP,2019,burton14,nr,prefire,,pyrpic,live,FB,,tr,
BurtonSP,2019,burton16,nr,prefire,,pyrpic,live,FB,,tr,
BurtonSP,2019,burton17,nr,prefire,,pyrpic,live,FB,,tr,
BurtonSP,2019,burton19,nr,prefire,,pyrpic,live,FB,,tr,
BurtonSP,2019,burton2,ag,prefire,,pyrpic,live,FB,,tr,
BurtonSP,2019,burton21,nr,prefire,,pyrpic,live,FB,,tr,
BurtonSP,2019,burton22,nr,prefire,,pyrpic,live,FB,,tr,
BurtonSP,2019,burton3,ag,prefire,,pyrpic,live,FB,,tr,
BurtonSP,2019,burton4,nr,prefire,,pyrpic,live,FB,,tr,
BurtonSP,2019,burton6,ag,prefire,,pyrpic,live,FB,,tr,
BurtonSP,2019,burton7,nr,prefire,,pyrpic,live,FB,,tr,
BurtonSP,2019,burton8,nr,prefire,,pyrpic,live,FB,,tr,
BurtonSP,2019,burton9,nr,prefire,,pyrpic,live,FB,,tr,
BurtonSP,2019,burton13,nr,prefire,,quevac,live,SH,SL,4.5,
BurtonSP,2019,burton13,nr,prefire,,quevac,live,SH,SM,3,
BurtonSP,2019,burton14,nr,prefire,,quevac,live,SH,SL,6,
BurtonSP,2019,burton14,nr,prefire,,quevac,live,SH,SM,5,
BurtonSP,2019,burton16,nr,prefire,,quevac,live,SH,SL,tr,
BurtonSP,2019,burton16,nr,prefire,,quevac,live,SH,SM,tr,
BurtonSP,2019,burton17,nr,prefire,,quevac,live,SH,SL,0.5,
BurtonSP,2019,burton17,nr,prefire,,quevac,live,SH,SM,0.5,
BurtonSP,2019,burton18,nr,prefire,,quevac,live,SH,SL,35,
BurtonSP,2019,burton18,nr,prefire,,quevac,live,SH,SM,28,
BurtonSP,2019,burton2,ag,prefire,,quevac,live,SH,SL,tr,
BurtonSP,2019,burton20,nr,prefire,,quevac,live,SH,SL,1,
BurtonSP,2019,burton20,nr,prefire,,quevac,live,SH,SM,1,
BurtonSP,2019,burton21,nr,prefire,,quevac,live,SH,SL,7,
BurtonSP,2019,burton21,nr,prefire,,quevac,live,SH,SM,5,
BurtonSP,2019,burton22,nr,prefire,,quevac,live,SH,SL,15,
BurtonSP,2019,burton22,nr,prefire,,quevac,live,SH,SM,3,
BurtonSP,2019,burton24,nr,prefire,,quevac,live,SH,SL,tr,
BurtonSP,2019,burton24,nr,prefire,,quevac,live,SH,SM,tr,
BurtonSP,2019,burton3,ag,prefire,,quevac,live,SH,SL,tr,
BurtonSP,2019,burton5,ag,prefire,,quevac,live,SH,SL,tr,
BurtonSP,2019,burton12,nr,prefire,,rice,live,SH,SL,tr,
BurtonSP,2019,burton16,nr,prefire,,rice,live,SH,SL,0.5,
BurtonSP,2019,burton16,nr,prefire,,rice,live,SH,SM,0.5,
BurtonSP,2019,burton18,nr,prefire,,rice,live,SH,SL,tr,
BurtonSP,2019,burton18,nr,prefire,,rice,live,SH,SM,tr,
BurtonSP,2019,burton19,nr,prefire,,rice,live,SH,SL,0.5,
BurtonSP,2019,burton19,nr,prefire,,rice,live,SH,SM,tr,
BurtonSP,2019,burton4,nr,prefire,,rice,live,SH,SL,0.5,
BurtonSP,2019,burton4,nr,prefire,,rice,live,SH,SM,tr,
BurtonSP,2019,burton5,ag,prefire,,rice,live,SH,SL,0.5,
BurtonSP,2019,burton5,ag,prefire,,rice,live,SH,SM,0.5,
BurtonSP,2019,burton9,nr,prefire,,rice,live,SH,SL,1.5,
BurtonSP,2019,burton9,nr,prefire,,rice,live,SH,SM,0.5,
BurtonSP,2019,burton1,ag,prefire,,ribnev,live,SH,SL,0.25,
BurtonSP,2019,burton1,ag,prefire,,ribnev,live,SH,SM,0.25,
BurtonSP,2019,burton2,ag,prefire,,ribnev,live,SH,SL,tr,
BurtonSP,2019,burton3,ag,prefire,,ribnev,live,SH,SL,1,
BurtonSP,2019,burton3,ag,prefire,,ribnev,live,SH,SM,1,
BurtonSP,2019,burton4,nr,prefire,,ribnev,live,SH,SL,0.5,
BurtonSP,2019,burton1,ag,prefire,,riro,live,SH,SL,tr,
BurtonSP,2019,burton10,nr,prefire,,riro,live,FB,,tr,
BurtonSP,2019,burton11,nr,prefire,,riro,live,SH,SL,0.5,
BurtonSP,2019,burton12,nr,prefire,,riro,live,SH,,tr,
BurtonSP,2019,burton13,nr,prefire,,riro,live,SH,SL,tr,
BurtonSP,2019,burton16,nr,prefire,,riro,live,SH,SL,tr,
BurtonSP,2019,burton19,nr,prefire,,riro,live,SH,SL,tr,
BurtonSP,2019,burton2,ag,prefire,,riro,live,SH,SL,tr,
BurtonSP,2019,burton4,nr,prefire,,riro,live,SH,SL,tr,
BurtonSP,2019,burton5,ag,prefire,,riro,live,SH,SL,tr,
BurtonSP,2019,burton9,nr,prefire,,riro,live,SH,SL,tr,
BurtonSP,2019,burton20,nr,prefire,,sarsan,live,FB,,tr,
BurtonSP,2019,burton10,nr,prefire,,salsco,live,FB,,tr,
BurtonSP,2019,burton12,nr,prefire,,salsco,live,FB,,1,
BurtonSP,2019,burton12,nr,prefire,,sidgla,live,FB,,tr,
BurtonSP,2019,burton3,ag,prefire,,sidgla,live,FB,,0.5,
BurtonSP,2019,burton20,nr,prefire,,sillem,live,FB,,tr,
BurtonSP,2019,burton22,nr,prefire,,sisrynchium,live,FB,,,
BurtonSP,2019,burton3,ag,prefire,,sisrynchium,live,FB,,tr,
BurtonSP,2019,burton1,ag,prefire,,stelac,live,FB,,tr,
BurtonSP,2019,burton2,ag,prefire,,stelac,live,FB,,tr,
BurtonSP,2019,burton4,nr,prefire,,stelac,live,FB,,tr,
BurtonSP,2019,burton1,ag,prefire,,symrot,live,SH,SL,0.2,
BurtonSP,2019,burton10,nr,prefire,,symrot,live,SH,SL,1,
BurtonSP,2019,burton12,nr,prefire,,symrot,live,SH,SL,2,
BurtonSP,2019,burton13,nr,prefire,,symrot,live,SH,SL,tr,
BurtonSP,2019,burton14,nr,prefire,,symrot,live,SH,SL,1.5,
BurtonSP,2019,burton17,nr,prefire,,symrot,live,SH,SL,0.5,
BurtonSP,2019,burton18,nr,prefire,,symrot,live,SH,SL,2,
BurtonSP,2019,burton19,nr,prefire,,symrot,live,SH,SL,tr,
BurtonSP,2019,burton20,nr,prefire,,symrot,live,SH,SL,tr,
BurtonSP,2019,burton21,nr,prefire,,symrot,live,SH,SL,0.5,
BurtonSP,2019,burton22,nr,prefire,,symrot,live,SH,SL,0.5,
BurtonSP,2019,burton23,nr,prefire,,symrot,live,SH,SL,0.5,
BurtonSP,2019,burton24,nr,prefire,,symrot,live,SH,SL,tr,
BurtonSP,2019,burton3,ag,prefire,,symrot,live,SH,SL,34,
BurtonSP,2019,burton4,nr,prefire,,symrot,live,SH,SL,4,
BurtonSP,2019,burton5,ag,prefire,,symrot,live,SH,SL,0.5,
BurtonSP,2019,burton6,ag,prefire,,symrot,live,SH,SL,0.5,
BurtonSP,2019,burton8,nr,prefire,,symrot,live,SH,SL,tr,
BurtonSP,2019,burton9,nr,prefire,,symrot,live,SH,SL,0.5,
BurtonSP,2019,burton16,nr,prefire,,symrot,live,SH,SL,tr,
BurtonSP,2019,burton14,nr,prefire,,symrot,live,SH,SL,tr,
BurtonSP,2019,burton14,nr,prefire,,symrot,live,SH,SM,tr,
BurtonSP,2019,burton19,nr,prefire,,symrot,live,SH,SL,tr,
BurtonSP,2019,burton19,nr,prefire,,symrot,live,SH,SM,tr,
BurtonSP,2019,burton3,ag,prefire,,symrot,live,SH,SL,tr,
BurtonSP,2019,burton3,ag,prefire,,symrot,live,SH,SM,tr,
BurtonSP,2019,burton4,nr,prefire,,symrot,live,SH,SL,tr,
BurtonSP,2019,burton12,nr,prefire,,unkfb12,live,FB,,tr,
BurtonSP,2019,burton3,ag,prefire,,valcal,live,FB,,tr,
BurtonSP,2019,burton3,ag,prefire,,vipu,live,FB,,tr,
BurtonSP,2019,burton12,nr,prefire,,wyan,live,FB,,1.5,
BurtonSP,2019,burton20,nr,prefire,,wyan,live,FB,,tr,
BurtonSP,2019,burton21,nr,prefire,,wyan,live,FB,,tr,
BurtonSP,2019,burton23,nr,prefire,,wyan,live,FB,,tr,
BurtonSP,2019,burton24,nr,prefire,,wyan,live,FB,,tr,
BurtonSP,2019,burton12,nr,prefire,,wyemol,live,FB,,tr,
BurtonSP,2019,burton19,nr,prefire,,wyemol,live,FB,,tr,
BurtonSP,2019,burton16,nr,prefire,,,live,FB,,tr,left blank
,,,,,,,,,,,
,,,,,,,,,,,
,,,,,,,,,,,
,,,,,,,,,,,
,,,,,,,,,,,
,,,,,,,,,,,
,,,,,,,,,,,
,,,,,,,,,,,
,,,,,,,,,,,
,,,,,,,,,,,
,,,,,,,,,,,
,,,,,,,,,,,
,,,,,,,,,,,
,,,,,,,,,,,
,,,,,,,,,,,
,,,,,,,,,,,
,,,,,,,,,,,
,,,,,,,,,,,
,,,,,,,,,,,
,,,,,,,,,,,
,,,,,,,,,,,
,,,,,,,,,,,
,,,,,,,,,,,
,,,,,,,,,,,
,,,,,,,,,,,
,,,,,,,,,,,
,,,,,,,,,,,
,,,,,,,,,,,
,,,,,,,,,,,
,,,,,,,,,,,
,,,,,,,,,,,
,,,,,,,,,,,
,,,,,,,,,,,
,,,,,,,,,,,
,,,,,,,,,,,
,,,,,,,,,,,
,,,,,,,,,,,
,,,,,,,,,,,
,,,,,,,,,,,
,,,,,,,,,,,
,,,,,,,,,,,
,,,,,,,,,,,
,,,,,,,,,,,
,,,,,,,,,,,
,,,,,,,,,,,
,,,,,,,,,,,
,,,,,,,,,,,
,,,,,,,,,,,
,,,,,,,,,,,
,,,,,,,,,,,
,,,,,,,,,,,
,,,,,,,,,,,
,,,,,,,,,,,
,,,,,,,,,,,
,,,,,,,,,,,
,,,,,,,,,,,
,,,,,,,,,,,
,,,,,,,,,,,
,,,,,,,,,,,
,,,,,,,,,,,
,,,,,,,,,,,
,,,,,,,,,,,
,,,,,,,,,,,
,,,,,,,,,,,
,,,,,,,,,,,
,,,,,,,,,,,
,,,,,,,,,,,
,,,,,,,,,,,
,,,,,,,,,,,
,,,,,,,,,,,
,,,,,,,,,,,
,,,,,,,,,,,
,,,,,,,,,,,
,,,,,,,,,,,
,,,,,,,,,,,
,,,,,,,,,,,
,,,,,,,,,,,
,,,,,,,,,,,
,,,,,,,,,,,
,,,,,,,,,,,
,,,,,,,,,,,
,,,,,,,,,,,
,,,,,,,,,,,
,,,,,,,,,,,
,,,,,,,,,,,
,,,,,,,,,,,
,,,,,,,,,,,
,,,,,,,,,,,
,,,,,,,,,,,
,,,,,,,,,,,
,,,,,,,,,,,
,,,,,,,,,,,
,,,,,,,,,,,
,,,,,,,,,,,
,,,,,,,,,,,
,,,,,,,,,,,
,,,,,,,,,,,
,,,,,,,,,,,
,,,,,,,,,,,
,,,,,,,,,,,
,,,,,,,,,,,
,,,,,,,,,,,
,,,,,,,,,,,
,,,,,,,,,,,
,,,,,,,,,,,
,,,,,,,,,,,
,,,,,,,,,,,
,,,,,,,,,,,
,,,,,,,,,,,
,,,,,,,,,,,
,,,,,,,,,,,
,,,,,,,,,,,
,,,,,,,,,,,
,,,,,,,,,,,
,,,,,,,,,,,
,,,,,,,,,,,
,,,,,,,,,,,
,,,,,,,,,,,
,,,,,,,,,,,
,,,,,,,,,,,
,,,,,,,,,,,
,,,,,,,,,,,
,,,,,,,,,,,
,,,,,,,,,,,
,,,,,,,,,,,
,,,,,,,,,,,
,,,,,,,,,,,
,,,,,,,,,,,
,,,,,,,,,,,
,,,,,,,,,,,
,,,,,,,,,,,
,,,,,,,,,,,
,,,,,,,,,,,
,,,,,,,,,,,
,,,,,,,,,,,
,,,,,,,,,,,
,,,,,,,,,,,
,,,,,,,,,,,
,,,,,,,,,,,
,,,,,,,,,,,
,,,,,,,,,,,
,,,,,,,,,,,
,,,,,,,,,,,
,,,,,,,,,,,
,,,,,,,,,,,
,,,,,,,,,,,
,,,,,,,,,,,
,,,,,,,,,,,
,,,,,,,,,,,
,,,,,,,,,,,
,,,,,,,,,,,
,,,,,,,,,,,
,,,,,,,,,,,
,,,,,,,,,,,
,,,,,,,,,,,
,,,,,,,,,,,
,,,,,,,,,,,
,,,,,,,,,,,
,,,,,,,,,,,
,,,,,,,,,,,
,,,,,,,,,,,
,,,,,,,,,,,
,,,,,,,,,,,
,,,,,,,,,,,
,,,,,,,,,,,
,,,,,,,,,,,
,,,,,,,,,,,
,,,,,,,,,,,
,,,,,,,,,,,
,,,,,,,,,,,
,,,,,,,,,,,
,,,,,,,,,,,
,,,,,,,,,,,
,,,,,,,,,,,
,,,,,,,,,,,
,,,,,,,,,,,
,,,,,,,,,,,
,,,,,,,,,,,
,,,,,,,,,,,
,,,,,,,,,,,
,,,,,,,,,,,
,,,,,,,,,,,
,,,,,,,,,,,
,,,,,,,,,,,
,,,,,,,,,,,
,,,,,,,,,,,
,,,,,,,,,,,
,,,,,,,,,,,
,,,,,,,,,,,
,,,,,,,,,,,
,,,,,,,,,,,
,,,,,,,,,,,
,,,,,,,,,,,
,,,,,,,,,,,
,,,,,,,,,,,
,,,,,,,,,,,
,,,,,,,,,,,
,,,,,,,,,,,
,,,,,,,,,,,
,,,,,,,,,,,
,,,,,,,,,,,
,,,,,,,,,,,
,,,,,,,,,,,
,,,,,,,,,,,
,,,,,,,,,,,
,,,,,,,,,,,
,,,,,,,,,,,
,,,,,,,,,,,
,,,,,,,,,,,
,,,,,,,,,,,
,,,,,,,,,,,
,,,,,,,,,,,
,,,,,,,,,,,
,,,,,,,,,,,
,,,,,,,,,,,
,,,,,,,,,,,
,,,,,,,,,,,
,,,,,,,,,,,
,,,,,,,,,,,
,,,,,,,,,,,
,,,,,,,,,,,
,,,,,,,,,,,
,,,,,,,,,,,
,,,,,,,,,,,
,,,,,,,,,,,
,,,,,,,,,,,
,,,,,,,,,,,
,,,,,,,,,,,
,,,,,,,,,,,
,,,,,,,,,,,
,,,,,,,,,,,
,,,,,,,,,,,
,,,,,,,,,,,
,,,,,,,,,,,
,,,,,,,,,,,
,,,,,,,,,,,
,,,,,,,,,,,
,,,,,,,,,,,
,,,,,,,,,,,
,,,,,,,,,,,
,,,,,,,,,,,
,,,,,,,,,,,
,,,,,,,,,,,
,,,,,,,,,,,
,,,,,,,,,,,
,,,,,,,,,,,
,,,,,,,,,,,
,,,,,,,,,,,
,,,,,,,,,,,
,,,,,,,,,,,
,,,,,,,,,,,
,,,,,,,,,,,
,,,,,,,,,,,
,,,,,,,,,,,
,,,,,,,,,,,
,,,,,,,,,,,
,,,,,,,,,,,
,,,,,,,,,,,
,,,,,,,,,,,
,,,,,,,,,,,
,,,,,,,,,,,
,,,,,,,,,,,
,,,,,,,,,,,
,,,,,,,,,,,
,,,,,,,,,,,
,,,,,,,,,,,
,,,,,,,,,,,
,,,,,,,,,,,
,,,,,,,,,,,
,,,,,,,,,,,
,,,,,,,,,,,
,,,,,,,,,,,
,,,,,,,,,,,
,,,,,,,,,,,
,,,,,,,,,,,
,,,,,,,,,,,
,,,,,,,,,,,
,,,,,,,,,,,
,,,,,,,,,,,
,,,,,,,,,,,
,,,,,,,,,,,
,,,,,,,,,,,
,,,,,,,,,,,
,,,,,,,,,,,
,,,,,,,,,,,
,,,,,,,,,,,
,,,,,,,,,,,
,,,,,,,,,,,
,,,,,,,,,,,
,,,,,,,,,,,
,,,,,,,,,,,
,,,,,,,,,,,
,,,,,,,,,,,
,,,,,,,,,,,
,,,,,,,,,,,
,,,,,,,,,,,
,,,,,,,,,,,
,,,,,,,,,,,
,,,,,,,,,,,
,,,,,,,,,,,
,,,,,,,,,,,
,,,,,,,,,,,
,,,,,,,,,,,
,,,,,,,,,,,
,,,,,,,,,,,
,,,,,,,,,,,
,,,,,,,,,,,
,,,,,,,,,,,
,,,,,,,,,,,
,,,,,,,,,,,
,,,,,,,,,,,
,,,,,,,,,,,
,,,,,,,,,,,
,,,,,,,,,,,
,,,,,,,,,,,
,,,,,,,,,,,
,,,,,,,,,,,
,,,,,,,,,,,
,,,,,,,,,,,
,,,,,,,,,,,
,,,,,,,,,,,
,,,,,,,,,,,
,,,,,,,,,,,
,,,,,,,,,,,
,,,,,,,,,,,
,,,,,,,,,,,
,,,,,,,,,,,
,,,,,,,,,,,
,,,,,,,,,,,
,,,,,,,,,,,
,,,,,,,,,,,
,,,,,,,,,,,
,,,,,,,,,,,
,,,,,,,,,,,
,,,,,,,,,,,
,,,,,,,,,,,
,,,,,,,,,,,
,,,,,,,,,,,
,,,,,,,,,,,
,,,,,,,,,,,
,,,,,,,,,,,
,,,,,,,,,,,
,,,,,,,,,,,
,,,,,,,,,,,
,,,,,,,,,,,
,,,,,,,,,,,
,,,,,,,,,,,
,,,,,,,,,,,
,,,,,,,,,,,
,,,,,,,,,,,
,,,,,,,,,,,
,,,,,,,,,,,
,,,,,,,,,,,
,,,,,,,,,,,
,,,,,,,,,,,
,,,,,,,,,,,
,,,,,,,,,,,
,,,,,,,,,,,
,,,,,,,,,,,
,,,,,,,,,,,
,,,,,,,,,,,
,,,,,,,,,,,
,,,,,,,,,,,
,,,,,,,,,,,
,,,,,,,,,,,
,,,,,,,,,,,
,,,,,,,,,,,
,,,,,,,,,,,
,,,,,,,,,,,
,,,,,,,,,,,
,,,,,,,,,,,
,,,,,,,,,,,
,,,,,,,,,,,
,,,,,,,,,,,
,,,,,,,,,,,
,,,,,,,,,,,
,,,,,,,,,,,
,,,,,,,,,,,
,,,,,,,,,,,
,,,,,,,,,,,
,,,,,,,,,,,
,,,,,,,,,,,
,,,,,,,,,,,
,,,,,,,,,,,
,,,,,,,,,,,
,,,,,,,,,,,
,,,,,,,,,,,
,,,,,,,,,,,
,,,,,,,,,,,
,,,,,,,,,,,
,,,,,,,,,,,
,,,,,,,,,,,
,,,,,,,,,,,
,,,,,,,,,,,
,,,,,,,,,,,
,,,,,,,,,,,
,,,,,,,,,,,
,,,,,,,,,,,
,,,,,,,,,,,
,,,,,,,,,,,
,,,,,,,,,,,
,,,,,,,,,,,
,,,,,,,,,,,
,,,,,,,,,,,
,,,,,,,,,,,
,,,,,,,,,,,
,,,,,,,,,,,
,,,,,,,,,,,
,,,,,,,,,,,
,,,,,,,,,,,
,,,,,,,,,,,
,,,,,,,,,,,
,,,,,,,,,,,
,,,,,,,,,,,
,,,,,,,,,,,
,,,,,,,,,,,
,,,,,,,,,,,
,,,,,,,,,,,
,,,,,,,,,,,
,,,,,,,,,,,
,,,,,,,,,,,
,,,,,,,,,,,
,,,,,,,,,,,
,,,,,,,,,,,
,,,,,,,,,,,
,,,,,,,,,,,
,,,,,,,,,,,
,,,,,,,,,,,
,,,,,,,,,,,
,,,,,,,,,,,
,,,,,,,,,,,
,,,,,,,,,,,
,,,,,,,,,,,
,,,,,,,,,,,
,,,,,,,,,,,
,,,,,,,,,,,
,,,,,,,,,,,
,,,,,,,,,,,
,,,,,,,,,,,
,,,,,,,,,,,
,,,,,,,,,,,
,,,,,,,,,,,
,,,,,,,,,,,
,,,,,,,,,,,
,,,,,,,,,,,
,,,,,,,,,,,
,,,,,,,,,,,
,,,,,,,,,,,
